"nestid"	"year"	"clutchno"	"hatchingsuc"	"chickno"
"5795"	1998	1	0	0
"1187"	1998	1	1	4
"7190"	1998	2	1	4
"1751"	1998	1	0	0
"3499"	1998	1	1	4
"5355"	1998	2	1	3
"4491"	1998	1	1	2
"2643"	1998	2	1	3
"3837"	1998	1	1	1
"4211"	1998	1	0	0
"9098"	1998	1	1	1
"908"	1998	2	0	0
"1781"	1998	1	1	3
"2683"	1998	2	1	5
"6678"	1998	1	1	1
"6919"	1998	1	1	4
"8064"	1998	2	1	4
"186"	1998	1	1	1
"9809"	1998	1	1	4
"5269"	1998	1	1	2
"5917"	1998	2	1	4
"2659"	1998	1	1	5
"9317"	1998	1	1	4
"9614"	1998	2	1	1
"9988"	1999	1	0	0
"7931"	1999	2	0	0
"9280"	1999	3	0	0
"8502"	1999	1	0	0
"8793"	1999	2	1	2
"5847"	1999	3	1	1
"6353"	1999	1	1	1
"1770"	1999	2	0	0
"619"	1999	1	0	0
"7869"	1999	1	0	0
"3668"	1999	2	0	0
"656"	1999	1	1	3
"1746"	1999	2	1	3
"2864"	1999	1	1	1
"4809"	1999	1	1	3
"6084"	1999	2	1	1
"9341"	1999	1	1	3
"832"	1999	1	1	3
"556"	1999	2	1	3
"495"	1999	1	1	4
"7049"	1999	2	1	1
"8205"	1999	3	1	2
"4409"	1999	1	1	2
"9096"	1999	2	0	0
"2031"	1999	1	1	1
"1216"	1999	2	1	1
"2236"	1999	1	1	4
"5491"	1999	2	1	4
"3833"	1999	1	0	0
"3994"	1999	1	1	2
"5227"	1999	1	0	0
"2780"	1999	1	1	2
"2715"	1999	1	1	3
"5522"	1999	1	1	5
"1578"	1999	1	1	3
"2800"	1999	1	0	0
"9932"	1999	1	1	2
"7752"	1999	1	1	1
"3347"	1999	1	1	1
"427"	1999	2	1	3
"2483"	1999	1	0	0
"6140"	1999	1	0	0
"1362"	1999	2	0	0
"5953"	1999	1	0	0
"3770"	2000	1	1	6
"2766"	2000	2	0	0
"6474"	2000	1	1	4
"7831"	2000	2	1	5
"390"	2000	1	1	1
"8149"	2000	2	1	5
"9315"	2000	1	1	2
"5596"	2000	2	1	1
"7723"	2000	1	0	0
"6477"	2000	1	0	0
"2793"	2000	2	1	2
"557"	2000	3	1	2
"9832"	2000	1	0	0
"7941"	2000	1	1	1
"7694"	2000	2	1	2
"1047"	2000	3	1	1
"5015"	2000	1	1	2
"4012"	2000	3	1	2
"8019"	2000	1	1	1
"8102"	2000	1	1	5
"3741"	2000	2	1	2
"9722"	2000	1	0	0
"6502"	2000	1	0	0
"8090"	2000	2	0	0
"7918"	2000	3	0	0
"7397"	2000	1	1	3
"8916"	2000	1	1	4
"5249"	2000	2	1	1
"5172"	2000	1	1	4
"1218"	2000	1	0	0
"8469"	2000	1	1	5
"9070"	2000	2	1	4
"6513"	2000	1	1	2
"972"	2000	2	0	0
"5407"	2000	3	1	2
"9022"	2000	1	1	1
"7538"	2000	2	1	4
"8672"	2000	3	1	3
"4785"	2000	1	1	4
"911"	2000	1	1	5
"3141"	2001	1	1	1
"4166"	2001	1	1	4
"6167"	2001	2	1	1
"3271"	2001	1	1	2
"8626"	2001	2	1	4
"6749"	2001	1	0	0
"4306"	2001	2	1	2
"1994"	2001	1	1	3
"9167"	2001	2	0	0
"4750"	2001	1	1	4
"1514"	2001	2	1	3
"4052"	2001	1	1	1
"677"	2001	2	1	4
"8816"	2001	3	0	0
"7852"	2001	1	1	5
"3288"	2001	2	1	3
"4882"	2001	1	1	4
"4772"	2001	2	1	3
"5736"	2001	3	1	4
"2289"	2001	1	0	0
"5211"	2001	1	1	2
"3280"	2001	2	1	2
"8567"	2001	1	1	3
"5274"	2001	1	0	0
"9016"	2001	1	1	4
"7417"	2001	2	1	4
"8089"	2001	1	1	4
"9861"	2001	1	1	3
"5891"	2001	1	0	0
"1677"	2001	1	1	2
"2428"	2001	2	0	0
"7662"	2001	3	1	2
"3773"	2001	1	0	0
"3392"	2001	1	0	0
"3793"	2001	2	0	0
"7399"	2001	3	0	0
"5176"	2001	1	0	0
"1190"	2001	1	1	3
"7085"	2001	1	1	1
"3956"	2001	2	1	3
"4337"	2001	1	1	1
"3678"	2001	1	1	2
"8217"	2001	2	0	0
"257"	2001	1	1	1
"5943"	2001	2	0	0
"6420"	2001	3	0	0
"290"	2001	4	0	0
"5281"	2001	1	0	0
"4789"	2002	1	1	2
"5476"	2002	1	1	2
"221"	2002	1	1	4
"8167"	2002	1	1	3
"7057"	2002	1	0	0
"8798"	2002	1	1	3
"8524"	2002	1	1	4
"4961"	2002	1	1	3
"41"	2002	2	1	3
"9741"	2002	1	1	5
"9715"	2002	1	1	5
"5245"	2002	1	1	3
"3539"	2002	1	1	5
"4560"	2002	2	1	5
"8069"	2002	1	1	4
"2751"	2002	2	1	2
"322"	2002	1	0	0
"4722"	2002	1	1	5
"3518"	2002	2	1	5
"5934"	2002	1	1	2
"3907"	2002	2	1	1
"4466"	2002	1	1	5
"3651"	2002	1	1	2
"734"	2002	2	1	2
"7848"	2002	1	1	2
"6047"	2002	2	1	2
"3687"	2002	1	0	0
"7303"	2002	1	1	5
"9692"	2002	1	1	2
"4225"	2002	2	1	2
"6579"	2002	3	1	2
"9788"	2003	1	1	1
"4558"	2003	1	1	4
"1107"	2003	2	1	3
"627"	2003	1	1	2
"9048"	2003	2	1	2
"7434"	2003	1	0	0
"5301"	2003	2	1	2
"6692"	2003	1	0	0
"7953"	2003	2	0	0
"5911"	2003	1	1	1
"9927"	2003	2	0	0
"2113"	2003	3	0	0
"7539"	2003	1	0	0
"9063"	2003	2	1	4
"468"	2003	1	1	2
"5121"	2003	1	0	0
"810"	2003	1	1	3
"9697"	2003	2	0	0
"5775"	2003	1	0	0
"4071"	2003	2	0	0
"8780"	2003	1	0	0
"6101"	2003	2	0	0
"7604"	2003	1	1	2
"2760"	2003	2	1	2
"6620"	2003	1	0	0
"8438"	2003	1	1	2
"5692"	2003	2	0	0
"1765"	2003	1	0	0
"9478"	2003	1	1	1
"7007"	2003	2	0	0
"1279"	2003	1	1	5
"4451"	2003	1	1	6
"8298"	2003	1	0	0
"429"	2003	2	0	0
"5951"	2003	1	1	1
"6224"	2003	1	1	6
"6911"	2003	1	1	1
"3878"	2003	1	1	3
"5126"	2003	1	1	2
"827"	2003	2	1	2
"6613"	2003	3	1	3
"335"	2003	4	0	0
"8535"	2003	1	1	1
"5438"	2004	2	1	1
"7016"	2004	1	1	2
"8899"	2004	1	1	1
"8437"	2004	1	0	0
"7492"	2004	1	1	1
"4507"	2004	2	1	5
"7939"	2004	1	1	5
"6061"	2004	2	1	5
"3267"	2004	3	1	2
"6978"	2004	1	1	1
"2631"	2004	1	1	1
"4767"	2004	2	1	3
"1207"	2004	1	1	3
"2548"	2004	2	1	3
"5605"	2004	1	1	3
"9812"	2004	2	1	3
"1020"	2004	1	1	2
"5804"	2004	2	1	1
"4132"	2004	1	1	2
"8464"	2004	1	1	3
"1318"	2004	2	1	4
"142"	2004	1	1	3
"1739"	2004	1	0	0
"4982"	2004	1	0	0
"9572"	2004	1	0	0
"4835"	2004	1	1	3
"7748"	2004	1	1	3
"6627"	2004	1	0	0
"954"	2004	1	1	4
"8957"	2004	1	1	5
"1694"	2004	1	0	0
"6034"	2004	1	1	4
"9786"	2004	1	1	1
"497"	2004	2	0	0
"565"	2005	1	0	0
"4627"	2005	1	0	0
"2076"	2005	1	1	2
"713"	2005	1	0	0
"8656"	2005	1	1	3
"532"	2005	2	1	2
"601"	2005	1	1	4
"8290"	2005	2	1	5
"7204"	2005	1	0	0
"7598"	2005	1	0	0
"1715"	2005	2	0	0
"9045"	2005	1	1	1
"6859"	2005	2	1	3
"6473"	2005	3	1	1
"1078"	2005	1	1	3
"3450"	2005	1	0	0
"7857"	2005	2	1	1
"8112"	2005	3	0	0
"651"	2005	1	1	3
"5149"	2005	2	1	4
"2739"	2005	1	1	3
"6093"	2005	1	0	0
"3555"	2005	1	1	1
"8311"	2005	1	1	3
"1154"	2006	1	1	3
"3884"	2006	2	1	4
"5153"	2006	1	0	0
"6697"	2006	1	0	0
"2095"	2006	1	1	1
"7331"	2006	2	1	3
"404"	2006	3	1	5
"2694"	2006	1	1	3
"5614"	2006	2	1	4
"4130"	2006	1	1	3
"85"	2006	1	0	0
"2213"	2006	1	0	0
"4424"	2006	1	1	1
"518"	2006	1	1	3
"7665"	2006	2	1	3
"4063"	2006	1	0	0
"897"	2006	1	0	0
"42"	2006	1	0	0
"236"	2006	1	0	0
"9402"	2006	1	0	0
"6496"	2006	1	1	3
"7067"	2006	2	1	3
"2522"	2006	1	1	3
"9906"	2006	2	1	3
"8784"	2006	1	1	1
"8742"	2006	1	1	4
"7320"	2006	1	1	2
"6231"	2006	1	0	0
"4513"	2006	2	1	3
"7901"	2006	1	0	0
"292"	2006	2	0	0
"2672"	2006	1	0	0
"8681"	2006	1	1	3
"2968"	2007	1	0	0
"2585"	2007	1	0	0
"9881"	2007	1	0	0
"1050"	2007	1	1	4
"5"	2007	2	1	3
"1801"	2007	3	0	0
"5004"	2007	1	1	4
"8085"	2007	1	1	3
"3044"	2007	1	1	4
"9250"	2007	1	0	0
"1257"	2007	1	0	0
"4695"	2007	1	1	1
"9294"	2007	2	1	4
"6537"	2007	1	1	4
"2194"	2007	2	1	3
"1879"	2007	3	1	4
"3700"	2007	1	1	1
"7634"	2007	2	1	3
"4820"	2007	1	1	1
"3632"	2007	1	0	0
"184"	2007	1	1	2
"4770"	2007	1	0	0
"6275"	2007	1	1	5
"8073"	2007	1	0	0
"9441"	2007	1	1	2
"3550"	2007	2	1	3
"8559"	2007	3	0	0
"4255"	2007	1	1	5
"2989"	2007	2	1	6
"6828"	2007	3	0	0
"272"	2007	1	1	4
"6302"	2008	1	0	0
"1512"	2008	1	0	0
"3039"	2008	1	0	0
"1035"	2008	2	1	3
"7369"	2008	3	0	0
"566"	2008	1	0	0
"7829"	2008	1	1	3
"9674"	2008	2	1	3
"8277"	2008	1	1	3
"3946"	2008	1	1	1
"9155"	2008	2	1	5
"6849"	2008	1	1	2
"193"	2008	1	0	0
"7814"	2008	2	1	4
"3379"	2008	1	0	0
"3358"	2008	2	1	2
"3874"	2008	3	1	5
"4581"	2008	1	1	2
"1088"	2008	2	1	2
"8604"	2008	1	1	1
"700"	2008	2	1	2
"7176"	2008	1	0	0
"6931"	2008	1	1	2
"2923"	2008	1	0	0
"1609"	2008	1	1	3
"3679"	2008	2	0	0
"4219"	2008	1	1	3
"4236"	2008	2	0	0
"9887"	2008	1	1	2
"7747"	2008	2	1	2
"8445"	2008	1	1	5
"283"	2008	1	0	0
"8794"	2008	1	1	2
"8533"	2008	1	0	0
"8602"	2008	1	1	2
"7315"	2008	1	1	4
"1239"	2008	1	0	0
"3822"	2008	2	1	3
"5198"	2008	3	0	0
"1958"	2008	1	0	0
"6012"	2008	2	1	4
"6029"	2008	3	1	1
"5654"	2009	1	1	1
"2374"	2009	2	1	5
"535"	2009	3	1	1
"313"	2009	1	1	1
"8341"	2009	2	1	5
"6346"	2009	1	1	2
"5680"	2009	1	0	0
"8225"	2009	2	1	4
"8243"	2009	1	1	2
"4201"	2009	2	1	1
"3420"	2009	1	1	3
"2187"	2009	2	1	2
"6951"	2009	3	1	1
"1111"	2009	1	1	2
"5071"	2009	2	1	1
"8827"	2009	1	1	2
"5751"	2009	1	1	1
"9804"	2009	2	1	5
"3674"	2009	3	1	3
"7017"	2009	1	1	2
"2220"	2009	1	0	0
"4517"	2009	1	1	4
"453"	2009	2	1	4
"9774"	2009	1	1	2
"8710"	2009	2	0	0
"3634"	2009	1	0	0
"8528"	2009	2	0	0
"92"	2009	1	0	0
"211"	2009	2	0	0
"5880"	2009	1	0	0
"2906"	2009	1	0	0
"1011"	2009	1	0	0
"4879"	2009	1	1	3
"1716"	2009	1	1	3
"5914"	2009	2	1	3
"6018"	2009	3	1	2
"5983"	2009	1	1	2
"6043"	2009	1	1	3
"8653"	2009	1	1	2
"4444"	2009	2	1	4
"4539"	2009	3	0	0
"4984"	2009	1	0	0
"1075"	2009	1	0	0
"7872"	2009	1	1	4
"6539"	2009	2	1	4
"775"	2009	3	0	0
"8582"	2009	1	1	3
"157"	2009	2	1	1
"4512"	2009	1	1	4
"2948"	2009	1	0	0
"3595"	2009	2	0	0
"3088"	2009	3	1	2
"9357"	2009	1	1	3
"4075"	2009	2	1	1
"8209"	2009	1	1	2
"1036"	2009	2	1	4
"4779"	2009	1	0	0
"3723"	2009	1	0	0
"3260"	2009	1	0	0
"3079"	2009	1	1	3
"8140"	2009	1	1	1
"2941"	2009	2	1	4
"2024"	2009	3	0	0
"4473"	2009	1	1	2
"9084"	2010	1	1	2
"5495"	2010	2	1	3
"356"	2010	3	0	0
"1702"	2010	1	1	2
"3163"	2010	1	0	0
"4212"	2010	2	0	0
"7983"	2010	3	1	4
"2134"	2010	1	1	5
"9973"	2010	1	1	1
"888"	2010	2	1	3
"8139"	2010	3	1	4
"2444"	2010	1	1	2
"3844"	2010	2	1	5
"310"	2010	1	1	3
"916"	2010	1	0	0
"381"	2010	1	1	6
"8609"	2010	2	1	1
"494"	2010	1	1	1
"8381"	2010	2	1	2
"7491"	2010	3	1	3
"2637"	2010	4	0	0
"9050"	2010	1	1	1
"7867"	2010	2	1	3
"7423"	2010	3	0	0
"8348"	2010	1	1	6
"4886"	2010	2	1	2
"3417"	2010	1	1	4
"967"	2010	2	0	0
"3303"	2010	3	1	2
"8832"	2010	1	1	3
"9660"	2010	2	1	4
"2086"	2010	1	0	0
"8954"	2010	1	0	0
"6157"	2010	2	0	0
"9545"	2010	3	0	0
"2930"	2010	1	1	3
"9403"	2010	2	0	0
"5978"	2010	1	1	3
"8648"	2010	2	1	1
"3935"	2010	3	0	0
"201"	2010	1	1	4
"1033"	2010	2	1	2
"3581"	2010	1	1	3
"297"	2010	1	1	2
"4147"	2010	2	0	0
"1228"	2010	1	1	1
"3230"	2010	2	1	2
"4228"	2010	1	0	0
"78"	2010	1	1	1
"4994"	2010	2	1	3
"7383"	2010	1	1	2
"7957"	2010	1	1	2
"2646"	2010	2	1	1
"8872"	2010	3	0	0
"4296"	2010	1	0	0
"6166"	2010	2	0	0
"621"	2010	3	1	2
"281"	2010	1	0	0
"3976"	2010	1	1	3
"7173"	2010	1	1	3
"4041"	2010	1	1	1
"1628"	2010	2	1	4
"4523"	2010	1	1	1
"2426"	2010	2	0	0
"7812"	2010	3	1	3
"1967"	2010	1	0	0
"2792"	2010	2	0	0
"3225"	2010	3	1	3
"4084"	2010	2	1	5
"5236"	2010	1	1	4
"7623"	2010	2	1	4
"1949"	2010	1	1	2
"835"	2010	2	1	2
"6026"	2010	3	0	0
"9273"	2010	1	0	0
"4827"	2010	2	1	2
"3543"	2010	1	0	0
"554"	2010	1	1	3
"3121"	2010	1	1	3
"5591"	2010	2	1	4
"3243"	2010	3	1	3
"4083"	2010	1	0	0
"5648"	2010	2	0	0
"9185"	2010	3	0	0
"4202"	2010	1	1	2
"3756"	2010	1	1	1
"1754"	2010	2	1	1
"9121"	2010	3	0	0
"4181"	2010	1	1	3
"5640"	2010	1	1	1
"9324"	2010	1	1	1
"2899"	2010	2	1	4
"4329"	2010	3	0	0
"2562"	2010	1	1	5
"111"	2010	2	1	2
"7686"	2010	1	1	1
"408"	2010	1	1	1
"768"	2010	2	1	4
"3366"	2010	1	0	0
"9691"	2010	1	1	3
"9689"	2010	1	0	0
"7685"	2011	1	1	1
"6945"	2011	1	1	1
"9044"	2011	1	1	4
"4652"	2011	2	1	4
"6260"	2011	1	1	1
"2190"	2011	2	1	5
"3893"	2011	3	1	2
"5363"	2011	1	1	2
"2128"	2011	1	1	5
"6851"	2011	2	0	0
"1259"	2011	1	1	4
"3314"	2011	1	1	4
"822"	2011	1	1	1
"5387"	2011	2	1	3
"2356"	2011	3	0	0
"2150"	2011	1	1	3
"3643"	2011	1	1	4
"2504"	2011	1	0	0
"6195"	2011	1	1	1
"3388"	2011	2	0	0
"9243"	2011	3	0	0
"202"	2011	1	1	3
"9894"	2011	2	1	3
"4334"	2011	3	1	1
"4401"	2011	4	0	0
"3382"	2011	1	1	1
"5372"	2011	2	1	4
"8482"	2011	1	0	0
"5024"	2011	1	1	1
"7326"	2011	2	0	0
"5683"	2011	3	0	0
"8177"	2011	4	1	3
"6068"	2011	1	0	0
"8565"	2011	2	1	3
"7615"	2011	1	1	4
"7637"	2011	2	1	4
"6551"	2011	1	1	1
"1826"	2011	2	1	2
"5097"	2011	1	0	0
"3654"	2011	2	1	2
"7187"	2011	1	0	0
"7782"	2011	1	1	4
"1987"	2011	2	1	4
"4388"	2011	1	0	0
"8717"	2011	2	1	7
"2203"	2011	1	1	3
"6024"	2011	1	1	2
"8765"	2011	1	0	0
"1572"	2011	1	0	0
"7853"	2011	1	0	0
"9035"	2011	2	0	0
"6603"	2011	1	1	4
"5385"	2011	2	0	0
"7024"	2011	1	1	4
"2734"	2011	2	0	0
"1507"	2011	1	0	0
"2279"	2011	2	1	1
"1441"	2011	1	0	0
"1814"	2011	1	0	0
"1326"	2011	2	1	2
"2273"	2011	1	0	0
"474"	2011	2	0	0
"1131"	2011	3	0	0
"7727"	2011	4	1	1
"3863"	2011	1	1	1
"1728"	2011	2	1	3
"4478"	2011	3	1	2
"9698"	2011	1	0	0
"3708"	2011	1	1	3
"3308"	2011	2	1	2
"1585"	2011	1	0	0
"1847"	2011	2	1	4
"4505"	2011	3	0	0
"4097"	2011	4	1	2
"4721"	2011	1	1	2
"6807"	2011	2	1	2
"7746"	2011	1	0	0
"1153"	2011	2	1	2
"9371"	2011	1	1	3
"9345"	2011	1	1	1
"6649"	2011	2	1	5
"1235"	2011	1	1	5
"8874"	2011	2	1	1
"1184"	2011	1	0	0
"7995"	2011	1	1	5
"9662"	2011	2	1	3
"9490"	2011	1	0	0
"6395"	2011	1	1	3
"5729"	2011	2	1	5
"3517"	2011	1	0	0
"2274"	2011	1	0	0
"8889"	2011	1	1	1
"9152"	2011	2	0	0
"4817"	2011	3	0	0
"1432"	2011	1	0	0
"4542"	2011	2	0	0
"2900"	2011	3	1	5
"862"	2011	1	0	0
"6814"	2011	2	0	0
"1963"	2011	1	1	3
"7236"	2011	2	1	1
"5248"	2011	1	0	0
"2967"	2011	2	1	1
"5190"	2011	1	1	4
"5813"	2011	2	0	0
"5838"	2011	3	0	0
"9815"	2011	1	1	5
"6793"	2011	2	0	0
"689"	2012	1	0	0
"324"	2012	2	1	4
"98"	2012	1	1	1
"3791"	2012	2	1	3
"6630"	2012	1	0	0
"2748"	2012	2	1	3
"4322"	2012	3	1	3
"531"	2012	4	0	0
"4715"	2012	1	1	2
"8991"	2012	2	1	3
"604"	2012	3	1	4
"4007"	2012	1	0	0
"8391"	2012	2	1	1
"2529"	2012	3	1	2
"765"	2012	4	1	2
"5621"	2012	1	1	2
"3226"	2012	1	0	0
"6567"	2012	2	1	3
"4264"	2012	3	0	0
"1331"	2012	1	1	1
"2702"	2012	2	1	5
"6460"	2012	3	1	2
"8035"	2012	1	1	2
"1649"	2012	2	1	4
"7409"	2012	3	1	5
"2251"	2012	1	1	1
"8476"	2012	2	1	1
"9103"	2012	3	1	3
"6611"	2012	4	0	0
"4719"	2012	1	0	0
"1615"	2012	2	1	5
"5768"	2012	3	1	3
"3003"	2012	1	0	0
"8284"	2012	1	1	2
"5544"	2012	2	1	1
"2245"	2012	1	1	1
"6985"	2012	2	1	5
"7733"	2012	3	1	4
"719"	2012	1	1	2
"7799"	2012	2	1	3
"7992"	2012	1	1	3
"3134"	2012	2	1	3
"8752"	2012	1	0	0
"97"	2012	2	1	3
"7313"	2012	3	1	4
"6352"	2012	1	0	0
"8222"	2012	1	1	3
"7518"	2012	2	0	0
"2981"	2012	1	1	4
"8859"	2012	2	0	0
"8049"	2012	1	1	1
"9295"	2012	1	0	0
"8206"	2012	2	1	3
"2823"	2012	3	1	3
"1931"	2012	1	0	0
"2040"	2012	1	0	0
"5189"	2012	1	1	1
"1534"	2012	2	1	1
"1914"	2012	1	1	4
"1246"	2012	1	0	0
"8690"	2012	2	1	2
"4058"	2012	1	1	4
"36"	2012	1	1	2
"9222"	2012	1	0	0
"9425"	2012	2	1	1
"9870"	2012	1	1	4
"457"	2012	1	1	4
"9462"	2012	2	1	2
"1026"	2012	1	1	1
"4019"	2012	2	1	1
"8329"	2012	1	0	0
"9543"	2012	1	0	0
"240"	2012	1	1	1
"4191"	2012	2	1	2
"8338"	2012	1	1	3
"1846"	2012	1	1	1
"5201"	2012	1	1	2
"2037"	2012	1	0	0
"1147"	2012	1	1	3
"2958"	2012	1	1	2
"9223"	2012	2	0	0
"6783"	2012	1	1	3
"4795"	2012	2	1	2
"3297"	2012	2	1	4
"9113"	2012	1	1	4
"1283"	2012	1	1	5
"8893"	2012	2	1	3
"5590"	2012	3	1	2
"3814"	2012	1	0	0
"5487"	2012	1	1	2
"2865"	2012	2	1	4
"6017"	2012	3	1	3
"882"	2012	1	1	1
"6453"	2012	2	1	3
"9709"	2012	1	0	0
"9240"	2012	1	1	1
"9349"	2012	1	1	2
"5521"	2012	1	0	0
"858"	2012	1	0	0
"5177"	2012	2	0	0
"9011"	2012	1	0	0
"7697"	2012	1	0	0
"5452"	2012	2	1	2
"360"	2012	1	0	0
"7753"	2012	2	1	2
"1925"	2012	3	1	3
"3557"	2012	1	1	2
"8771"	2012	2	1	3
"1872"	2012	3	1	3
"2987"	2012	1	1	3
"5423"	2012	1	0	0
"5690"	2012	2	1	3
"9875"	2012	3	1	4
"5466"	2012	4	0	0
"879"	2012	1	1	1
"9710"	2012	2	0	0
"5129"	2012	3	1	2
"7508"	2012	4	1	3
"5996"	2012	1	1	4
"2805"	2012	1	0	0
"4885"	2012	2	1	2
"1857"	2012	1	0	0
"714"	2012	2	0	0
"3302"	2012	1	0	0
"4422"	2012	2	1	3
"9611"	2012	1	1	1
"434"	2012	2	0	0
"1695"	2012	3	0	0
"7521"	2012	1	0	0
"369"	2012	1	0	0
"6677"	2012	2	1	4
"4117"	2012	3	1	2
"5376"	2012	1	1	5
"1421"	2012	1	0	0
"9089"	2012	1	1	2
"8500"	2012	1	1	3
"9898"	2012	1	1	7
"7718"	2012	2	1	3
"6967"	2012	1	1	2
"2926"	2012	1	1	3
"6888"	2012	2	1	3
"8531"	2012	3	1	2
